0.0, 4.124213344161549e-13, 2.6832313776155014e-14, 0.00036547421131407639, 1.026516435373998e-15, 0.00054549001565538393, 6.8559517036079646e-05, 7.7910242762465843e-11, 0.0028014127751837376, 0.83896537568626373, 0.0010164049438136948, 3.5080195705041552e-08, 1.0229803797458468e-15, 0.00015913850624352236, 0.95093608096039239, 1.0301327319029833e-08, 0.00058328166885606976, 0.90585058382840489, 4.3632347784010438e-11, 0.00026228026625748805, 0.0018056665583392291, 0.19139066055122833, 4.0841246957254162e-17, 4.6329306219795139e-15, 0.00012977028089472691, 0.045241766997530311, 0.021501236863017668, 5.4996303502273062e-10, 6.6048496149954607e-06, 3.2605336108848553e-13, 9.8963495521546152e-17, 6.1807488435777815e-13, 0.32994267856205056, 9.1402063454914802e-15, 1.6688738113670816e-07, 0.017761385110487474, 0.050282084990544172, 3.6026240893329351e-08, 0.0013309862351452875, 0.95129530896885262, 0.57353057787417849, 4.9928494777454363e-15, 3.2530663148652521e-17, 1.4267428289696779e-15, 0.56610340910126733, 1.653175288203736e-12, 0.002050253752683296, 1.4690084488478063e-06, 3.7299310352575023e-05, 0.00011480774431749733, 1.1729716580480766e-15, 0.034736894281318896, 0.0093540521294853216, 0.005015827039865005, 1.3366246292115892e-14, 0.69101595166952845, 2.5591450580877766e-12, 0.31075431444671353, 0.0011613939746059887, 3.0540625092475714e-10, 7.5109844935681642e-07, 4.1197081758520245e-08, 5.2528523830347908e-10, 6.8036295572740098e-16, 5.3278801948057401e-17, 4.4230990628658429e-17, 9.3773101990172762e-09, 7.7842560116887704e-05, 0.018524247252294995, 0.007200156286396254, 2.2204253699511627e-05, 1.543456400100193e-07, 7.1599470841242937e-09, 0.4855475999610529, 1.1192884619493948e-14, 0.0036080735685962563, 0.43772591640233155, 9.280313516071196e-14, 0.029458112278186115, 2.2928328017126014e-06, 0.96081092757998832, 9.1259691319050804e-06, 3.6661520244052123e-05, 5.582880723070668e-06, 1.0297189378194771e-06, 0.00072198525514777961, 2.6075886109029637e-16, 0.13820145870693651, 4.2285284694818089e-16, 0.015378640683917854, 7.5557073222368906e-07, 0.0051431758029525949, 1.3985581956705366e-13, 0.076549959700029813, 9.0247266000368115e-09, 2.7906264345857157e-21, 0.00040941112599952607, 1.149646681033763e-14, 5.010082085756426e-13, 1.5824611598448176e-18
4.124213344161549e-13, 0.0, 1.6307920256139866e-07, 4.2026728583236505e-06, 2.9552842293520005e-10, 1.1277061707825288e-08, 9.2550084946630408e-08, 0.38477003985598218, 5.8702468300285535e-05, 3.878836505012818e-12, 9.9053104590840886e-05, 0.23728709771141832, 1.5297061218301468e-08, 4.3993326490309136e-09, 2.1545999177365713e-13, 0.19255355546720682, 0.00010517524130196376, 1.3675673157796293e-14, 1.686409629884547e-16, 7.2502718040175561e-20, 1.3479635060346716e-06, 4.7256887787920317e-17, 5.4115139545457405e-14, 0.00011464430719452625, 2.69550553124409e-06, 1.015887086284412e-20, 4.630794229344239e-20, 1.1116783440132994e-18, 1.0169077747522661e-07, 1.8586899281812029e-14, 6.5483679911526892e-18, 0.0007427273345343644, 1.7119284000811172e-16, 7.5515321427604762e-16, 0.12754861577098314, 5.0513396724209468e-08, 9.0700897642675575e-07, 4.3481152460494814e-25, 0.00013802337707031578, 3.7256824311527973e-12, 1.29655947247119e-15, 3.5150914187220336e-17, 7.9479028777228485e-17, 5.3864282118178949e-10, 5.3538454336853726e-12, 2.168438111278496e-15, 5.6675874490729112e-06, 5.9335771141740775e-21, 6.0503486887145157e-08, 4.6511573207579176e-05, 2.412160925391247e-08, 1.4912512223051924e-06, 4.2806259268281196e-07, 1.8972776814764933e-07, 1.9750556530952234e-10, 1.8497463795666629e-10, 1.3724931245076141e-16, 7.5829406441286015e-18, 1.7824825296394027e-05, 0.35097686141248746, 3.7350065951619851e-07, 2.7298524892523135e-22, 0.45170562513049545, 1.5487717050493705e-15, 8.3858167069634813e-14, 1.6984754129802033e-09, 4.3266142406460681e-22, 7.1664192741883089e-07, 1.1823322770742519e-07, 3.2716970368546508e-08, 9.8436084330908173e-05, 1.5653399561438254e-20, 0.19304096465893994, 6.9126775803401511e-15, 1.1213589127347505e-07, 1.9425534474569926e-05, 1.0756392690554625e-14, 6.4425651023784517e-05, 2.5163835997591076e-21, 7.1041521965885857e-06, 1.5418902951215692e-12, 3.8952958914225181e-06, 4.7945831097296438e-06, 6.4695438364256199e-09, 5.2625129637685342e-25, 5.1520917072163077e-05, 4.4820818068104615e-08, 3.3581231604476939e-18, 1.7791591685856261e-16, 3.2680426891923201e-20, 1.1206072439740459e-05, 1.0915790673130125e-07, 5.6506207463234445e-17, 4.7673165896524107e-19, 0.33791789249178883, 1.2900778421399346e-12, 1.321497747616987e-05, 4.4604652725892976e-15, 0.01949831208808658, 1.958999956251258e-08
2.6832313776155014e-14, 1.6307920256139866e-07, 0.0, 0.00038738269606386391, 0.5840059926710881, 0.0001805258796519487, 0.0016294403515757958, 9.4974323947248206e-05, 5.4431954319358489e-11, 1.0268940435550805e-14, 1.4856201780173304e-11, 1.1542313152113496e-06, 0.8926410338763745, 0.00042496297745003305, 8.2337459731903244e-14, 6.3508442720986067e-05, 4.9997992737884075e-12, 1.2467555956498405e-15, 0.00045578344510576726, 3.2380276279287356e-11, 6.9837700914082351e-05, 5.6795242637652785e-14, 0.077843818352436867, 0.29563750962051144, 0.0011227350836263, 8.3985724415067666e-17, 7.7153373700180264e-15, 7.8887402738112444e-06, 0.0082054395481355215, 0.017325058331827268, 0.0020203606422193859, 0.19610074899428351, 2.9713807000518625e-14, 0.0085615027886467455, 6.0604033758630996e-08, 2.6674622904832485e-06, 2.10858233327689e-11, 4.2716465255195008e-12, 7.6487201397682284e-11, 2.5484129327809224e-13, 1.9148938083985112e-14, 0.0023291803270545476, 0.007047071901443761, 0.63947848492790194, 9.1633837832913513e-16, 0.0045541180086394557, 4.0767231975355474e-05, 8.708823884576474e-10, 0.0023960714918633635, 0.00066314057229794276, 0.91343269547546047, 1.5102931783722253e-11, 2.5610371483944914e-14, 2.0022420143686239e-05, 0.49661050624850056, 1.9906688462571723e-12, 0.0010253489858009356, 3.5469248071985796e-16, 5.8039526453915216e-05, 7.8955437892867507e-05, 0.031531040787219689, 1.1998372987644126e-09, 1.794791889655991e-05, 0.017001790032519008, 0.08820934136933338, 0.67027959872897791, 5.0879282017199145e-09, 0.0017844920478413641, 2.3886593376089903e-06, 1.0888278407525608e-05, 0.0022521136361515546, 1.2239295691364153e-08, 1.9796790344402505e-09, 3.6698062264721755e-13, 0.99374354792378772, 5.8542133812849792e-12, 9.2414738123916563e-13, 0.46562274292461975, 4.5763998834050027e-17, 0.018472280753806612, 2.3567026295817344e-13, 0.0083337644861950742, 0.0030629440180373517, 0.0050659811386143377, 1.8804425063897847e-13, 1.4670210308243949e-12, 0.8515313314347307, 6.2863820528483746e-15, 0.0073086171826208107, 1.1681723754456669e-14, 0.031885363388936286, 1.9220591732332166e-05, 0.0014244291837751627, 3.7350360514756337e-15, 3.3034357591654204e-07, 0.11750381906924913, 0.00025920981266622716, 0.017576051938001689, 0.018697777081987728, 0.50419671317717962
0.00036547421131407639, 4.2026728583236505e-06, 0.00038738269606386391, 0.0, 3.9958550907903917e-05, 0.5513105746871807, 0.64321294772125193, 0.00082557714265347603, 0.0027458029431675097, 0.00025865299985168534, 0.00098422650561742027, 0.0020362913300162959, 6.487928405046521e-05, 0.41882953236833281, 0.00056152865989697771, 0.0067264791507843664, 0.00046575529468304407, 6.8280109704442582e-05, 8.8865351903718022e-05, 5.3423654822460632e-05, 0.91326450216462784, 0.00011757856736081584, 1.8242286070554863e-06, 0.00015883826769576311, 0.95063286861587626, 1.6925803225179796e-06, 1.007437857842123e-05, 3.3177839344795216e-05, 0.43767017620755455, 6.2422724058614301e-05, 2.7545517211734531e-07, 0.0015695018046421973, 0.00012563088471993962, 6.5058180332942263e-06, 0.0010926331140689782, 0.49201573571145135, 0.0052049556075519487, 1.257116167647917e-07, 0.0023908080565025556, 0.0011538763281114235, 0.00015638013627163641, 2.1617309145097479e-06, 3.4196828216421369e-07, 5.0937379708593781e-05, 7.4414483258940822e-05, 6.3341846848594141e-05, 0.84923234701060646, 1.6307530934443323e-05, 0.55385754751058858, 0.87714308437624144, 7.2406721712796484e-05, 0.003900265096616382, 0.00010904226816086715, 0.73332050006392824, 0.00012264079823464606, 0.0033351999521686361, 3.2522989460754742e-05, 1.3294582713249915e-05, 0.82672549432991327, 0.0014482061937562073, 0.31264575940055872, 2.7160297130536096e-06, 0.00098452922729304381, 2.703974063090103e-06, 2.2633491089937707e-06, 1.0814390985876816e-05, 2.6507046375446478e-06, 0.8300026954368952, 0.50926503208502327, 0.58126850866262258, 0.73279817965982386, 1.9559562159889044e-05, 5.4213599615854342e-05, 0.00061474917158511574, 0.00024750212721013487, 0.0010502255626893271, 0.00091472649782731446, 0.00077885438086648781, 9.4636467308745289e-07, 0.52272418473592519, 0.0010477139215639098, 0.67609648305622505, 0.85144209232970969, 0.26466262930031026, 1.5583163486043643e-07, 0.00028220460539715703, 3.5877066194256703e-05, 3.0796130333434774e-05, 1.2551342770188209e-06, 1.0072095010717944e-05, 0.40677462535052816, 0.69905912167471362, 8.81082793531132e-06, 1.5892210342241149e-05, 0.00062480393347957288, 2.8683607048456013e-08, 0.96098163669000158, 1.1445640701964247e-05, 0.0006333209815119643, 2.3355824773781172e-06
1.026516435373998e-15, 2.9552842293520005e-10, 0.5840059926710881, 3.9958550907903917e-05, 0.0, 5.0970636571285113e-05, 0.00044343077413393412, 6.9365789801449186e-07, 2.0458756952061489e-13, 2.1437861390836493e-16, 3.9478061518830518e-14, 4.5367219742269036e-09, 0.77202381761811645, 0.00016503694640641469, 4.3615076273349247e-15, 5.2504296071108589e-07, 1.0725354344894745e-14, 5.2881870790577773e-17, 0.0039381563007491356, 7.9256560507805258e-11, 6.7294494724835027e-06, 1.3937525623520641e-14, 0.46615531944735122, 0.038440132435841434, 0.00015065175637462801, 3.1885218443217094e-17, 4.8767450346706935e-15, 8.9349793117204441e-05, 0.0028437783609530959, 0.10926505400035903, 0.036021914882505633, 0.017613379967646614, 5.1035579791451943e-15, 0.084136120554796981, 1.6139563864803171e-10, 2.7712384948549638e-07, 1.5474662825837588e-13, 6.5478410655309286e-11, 2.5676761058507704e-13, 9.5559108129392091e-15, 2.0739086388607488e-15, 0.032435282414637355, 0.095886355919830218, 0.99581985753539282, 1.1594900599892173e-17, 0.034885397377506136, 2.7101640878129688e-06, 5.8250613430370705e-09, 0.0007523721411308008, 4.6738253553192418e-05, 0.72802533146569048, 9.4423432609882392e-14, 6.3704312584058632e-17, 2.2780059389171641e-06, 0.92258204125891174, 5.0723971790942086e-14, 0.010278032604424536, 5.0084595326046742e-17, 3.2737062932781546e-06, 5.7790448620101921e-07, 0.010533910645164325, 1.4676079331051785e-08, 9.6605417633351563e-08, 0.15916190470019698, 0.4982690481996091, 0.80702703044997992, 7.2419341761533363e-08, 0.0003335189029055068, 2.0669233746903209e-07, 1.5644947821590109e-06, 0.00016753719577986917, 1.0602536940536736e-07, 2.5298535213820079e-12, 4.8830080155433994e-14, 0.61601338000130879, 1.8302863196879065e-14, 1.3312076941823903e-13, 0.076276268145593545, 2.0265645366106469e-17, 0.0032278007379291894, 1.0326753864120698e-14, 0.0014425481483980168, 0.00043337292058447373, 0.0027293016741313891, 1.6565858961416958e-12, 2.9049992966239059e-15, 0.58347930366973833, 1.7210632737702317e-15, 0.088608965171143028, 8.4692735252323272e-15, 0.0055491747304668958, 2.4151088957664506e-06, 0.017304022171537831, 1.3454867007645452e-15, 9.5231952744923809e-10, 0.36375993336391088, 1.9987046699572971e-05, 0.1400652434497956, 0.00058594609779591476, 0.3452447467566751
0.00054549001565538393, 1.1277061707825288e-08, 0.0001805258796519487, 0.5513105746871807, 5.0970636571285113e-05, 0.0, 0.84182291756210426, 9.5921105865717948e-06, 0.00012794802960797868, 0.00020827720209800517, 3.186165408612047e-05, 2.4092571639466854e-05, 3.7800391978608294e-05, 0.93990075645914839, 0.0011105317862284212, 0.00012761424210385228, 1.233182343776936e-05, 0.00013930885301210292, 0.0022312409793176229, 0.0028368367982540693, 0.58262602157167798, 0.001166203624322302, 8.5654562497604285e-06, 1.3569533884381396e-05, 0.609172444015883, 3.8174286555017342e-05, 0.00028078712682045979, 0.0017454403367808053, 0.57445074679548314, 0.00062560051548418488, 5.850433445857936e-06, 0.00012697525824153415, 0.00090961217585730156, 8.7882752224503345e-05, 1.1361538428592774e-05, 0.49434457157760459, 0.00065669879820234726, 3.2055565372105344e-05, 9.145051922282229e-05, 0.0014443722277855675, 0.00072670163726844391, 4.4975944766320246e-05, 4.6004473928963828e-06, 5.944209448248594e-05, 3.9439506789040942e-05, 0.00095914003031990233, 0.37577578879476098, 0.0014930183627807816, 0.79451381786027375, 0.28340731806154013, 3.8837100014479982e-05, 0.00041119000069761842, 5.8232520294682976e-06, 0.65427431010848769, 0.00020544047670410068, 0.0023239103768986089, 0.00075414762197392781, 0.00010379884739079119, 0.2868272655021783, 1.8708263505893434e-05, 0.31142903973357128, 0.00037356074366542177, 1.0365961872764236e-05, 2.7795661419218583e-05, 1.0057264100155626e-05, 7.5052408420596229e-06, 0.00035453718787936244, 0.71879611232285012, 0.42232000719153434, 0.71627992089339565, 0.20752767009957099, 0.0017182247942087788, 2.5495912352926949e-07, 0.0029117229238380298, 0.00011625501876840566, 4.7130857881443371e-05, 0.0044159146585787965, 0.00010180945444700837, 2.5606544426067476e-05, 0.28402025386809993, 0.0015671548479840448, 0.42048783088789304, 0.49718318509560866, 0.57771341570259271, 3.3207583791052367e-05, 7.5301307416833249e-06, 1.4794804819869187e-05, 0.00039076152807306531, 1.7599644315670569e-05, 0.00031071027340915053, 0.19698457047898824, 0.69915493840815279, 0.00020353426116685871, 0.0002718440114762268, 5.2103212964129269e-06, 3.3281831285072812e-08, 0.39753132093432408, 0.00011868647205547345, 1.8458231905688814e-05, 7.0860704434740052e-07
6.8559517036079646e-05, 9.2550084946630408e-08, 0.0016294403515757958, 0.64321294772125193, 0.00044343077413393412, 0.84182291756210426, 0.0, 6.2127760178809179e-05, 7.975504081568865e-05, 2.8347290757641144e-05, 2.1057593771966869e-05, 7.8904438023724363e-05, 0.00039883889837105815, 0.86545526482202306, 0.00014184408427061148, 0.00053006686048117388, 8.2158709424367296e-06, 1.3535202325565169e-05, 0.0032831980996426546, 0.000451043289712673, 0.53246483195700567, 0.0001147479570476286, 6.1186965051194264e-05, 0.00018138969027900118, 0.7882862023466517, 2.2772025721189031e-06, 2.2488885404999469e-05, 0.0014367017692271616, 0.88008453293199607, 0.0019369971415814191, 2.2686856033503325e-05, 0.0012197884935286278, 8.857133427632624e-05, 0.00030739792643175786, 2.8598223454290708e-05, 0.28701640517628724, 0.00025907074868445658, 5.6979268862914442e-06, 6.3731925824595282e-05, 0.00021852306915441069, 7.288871925875001e-05, 0.00013730211963797973, 2.287484831606529e-05, 0.00051889729982090252, 5.1464072786466232e-06, 0.0022492666394237346, 0.35541678665123411, 0.00036543805880568335, 0.98697821342685033, 0.41286300787511176, 0.00041394597184188755, 0.00016887591529911628, 1.9914441577369501e-06, 0.48122196699708641, 0.0014152484373592608, 0.00046368421190537938, 0.0014275339596686706, 7.5064771887430477e-06, 0.30305608547273266, 0.0001072198250675341, 0.63453432143063238, 0.00010785124477151693, 5.4443543057821863e-05, 0.00012727273102799036, 7.2027567487458534e-05, 9.1736202621354594e-05, 0.00012432495161989848, 0.9294436695803292, 0.25283785849649831, 0.46227409559270327, 0.37391304023033323, 0.00058166676359073144, 7.4553261646400067e-07, 0.00035565983807440412, 0.0011078620076134381, 2.5233411012646563e-05, 0.00057400348399369344, 0.0010559987836859437, 1.4531447127393815e-06, 0.59127489175171499, 0.00022705871084473529, 0.73937147702835371, 0.75937764515477391, 0.77905422444525552, 4.0385017210788564e-06, 4.5647989117413333e-06, 0.00018282308764129397, 3.234499058984862e-05, 7.3703034093027659e-05, 2.5564520763756365e-05, 0.46749758443082451, 0.49985807261207277, 0.00047499427161159152, 2.1222768800083387e-05, 1.849819357753245e-05, 6.0849057644686239e-07, 0.47668380583491959, 0.00045305276907328678, 0.00019160986267198569, 1.2551038190954208e-05
7.7910242762465843e-11, 0.38477003985598218, 9.4974323947248206e-05, 0.00082557714265347603, 6.9365789801449186e-07, 9.5921105865717948e-06, 6.2127760178809179e-05, 0.0, 0.00023718659863880076, 3.2359900413089292e-10, 0.00024890139794061188, 0.40701607891420988, 1.349662640813776e-05, 5.3510701313250485e-06, 6.112682758596536e-11, 0.74879695563092863, 0.00020017689632981399, 3.396369167655433e-12, 8.3224810194111882e-12, 2.4351282687066023e-15, 0.00027769193106295568, 1.096377820011222e-13, 7.0033274962493403e-10, 0.0078988503148358109, 0.00069976041882258329, 5.4206862266502424e-17, 4.0278338983517894e-16, 1.0674566549940464e-13, 8.0799251725596202e-05, 4.0731599129903935e-10, 4.7787806276522203e-13, 0.038276321221464758, 2.5328501665506673e-13, 2.7261419464887679e-11, 0.15385567790638871, 1.4708339532871428e-05, 1.1080646292899005e-05, 1.4294401910619148e-19, 0.00045397910781264724, 6.1940901328364396e-10, 1.0473734565091553e-12, 2.1345582094563626e-12, 3.5814738815919868e-12, 1.1178577904199811e-06, 2.412090421044028e-10, 7.0983905459648727e-11, 0.00071322459260641938, 5.6722044158535285e-16, 4.7570958467205614e-05, 0.0049712403452391602, 1.9067435523977606e-05, 1.4520799738654703e-05, 1.4211847022789132e-06, 5.446268634934635e-05, 5.8502171556624609e-07, 1.612231130774008e-08, 7.1270796416786105e-12, 1.0292316280953158e-14, 0.0017109168820409225, 0.97845021459007053, 0.00024201854218919633, 5.1499898490048698e-17, 0.89237208795566902, 4.5304658644468372e-11, 1.0058667239618587e-09, 2.1084040532585193e-06, 8.8993377630824434e-17, 0.00028415146467155293, 2.6801769018605438e-05, 1.3597603026767937e-05, 0.010026782080845833, 1.7412815460027348e-15, 0.083952822548600398, 6.5157818347969997e-12, 6.8396770153130655e-05, 6.7464183981488589e-05, 1.0842041059728095e-11, 0.0068560383946349446, 1.679922764949949e-17, 0.0019884580661432348, 3.2030865297420486e-10, 0.0011822486938537092, 0.0012156272990220677, 9.6866836871466e-06, 1.0512331510850438e-19, 9.3261378861850977e-05, 2.6925465851966195e-05, 9.8544033853972833e-15, 7.6054643355045409e-12, 3.3367325177602652e-16, 0.0029031912459880583, 3.6131095427877917e-05, 3.3418966856178497e-12, 2.0511623481274879e-15, 0.37318906863778595, 4.2842973455757204e-09, 0.0017635050445280851, 1.1742460380204029e-10, 0.25097391488892257, 9.6429004809374542e-06
0.0028014127751837376, 5.8702468300285535e-05, 5.4431954319358489e-11, 0.0027458029431675097, 2.0458756952061489e-13, 0.00012794802960797868, 7.975504081568865e-05, 0.00023718659863880076, 0.0, 0.011272091192307441, 0.94266079485408205, 0.017969001952925414, 1.8873367877658817e-12, 2.9318160995801376e-05, 0.001489983279889999, 0.0034093126255899356, 0.8611662811936488, 0.00065871062179841675, 1.2782849202765548e-13, 4.9842932795794989e-10, 0.0052642882374681413, 4.3576446528881185e-06, 2.7585751915759197e-16, 1.0906430010266709e-09, 0.00091091401643109376, 4.6649743446715626e-08, 2.9472738225141484e-08, 7.1187136302601498e-14, 1.4624882791383999e-05, 4.8675830382747227e-14, 4.9900010190085456e-18, 7.0566499323716942e-08, 1.4668260109034242e-05, 9.6308533097339074e-16, 0.058052454658965941, 0.0059528845563865456, 0.61674111965582845, 2.8356801493846474e-15, 0.97742584323208315, 0.0063150301976657936, 7.3306777145207812e-05, 1.4301070874744954e-16, 8.4960938606419329e-18, 3.492199957437568e-13, 0.017219110930934676, 4.8729359174243861e-14, 0.014651376595298351, 2.5205814977052033e-12, 3.9714390343508675e-05, 0.0049566960915909545, 2.6663546314072333e-12, 0.70237141570132966, 0.53290205800908619, 0.003999755663054036, 8.0342171288492232e-13, 0.033968524068651022, 1.701106055050356e-14, 5.4686261530285195e-06, 0.018857188883323342, 0.00053806958790493726, 6.3404993347650707e-06, 4.3832120721453553e-14, 0.0011638300034717635, 2.6092832864168505e-16, 4.0917700659918979e-16, 8.0710631115222359e-14, 1.7438839092613126e-14, 0.00028022745788381726, 0.010263826275034417, 0.0020135158111853424, 0.0022081475565097117, 6.6449870218856572e-13, 0.021108720405551767, 9.8436475404481004e-05, 2.5631557168792673e-11, 0.94902008461381449, 9.9730528473459745e-05, 4.4620682560315272e-09, 1.7878587054209845e-08, 7.8096093196032684e-05, 0.003851967277801671, 0.00014979193180505567, 0.00048271590624489536, 2.8980638321308089e-06, 4.5707062306497504e-14, 0.82323876625735015, 1.5465778059649313e-12, 1.1736887983146064e-06, 6.4982592109733783e-17, 1.8042492610578983e-08, 4.6393114443011553e-05, 0.0029636322791709315, 1.6004196021909923e-15, 2.8924916153541598e-07, 0.01231139072027026, 4.572704328815265e-18, 0.0062252287959829898, 2.7171937302889073e-15, 6.6629538021186576e-07, 4.6405764963637835e-14
0.83896537568626373, 3.878836505012818e-12, 1.0268940435550805e-14, 0.00025865299985168534, 2.1437861390836493e-16, 0.00020827720209800517, 2.8347290757641144e-05, 3.2359900413089292e-10, 0.011272091192307441, 0.0, 0.0050114098899853646, 1.8304859865886324e-07, 3.231112706166683e-16, 5.1662038551009032e-05, 0.66733935416228618, 3.6998938837880603e-08, 0.0032447685381991631, 0.68648995923409195, 2.7254360694546417e-12, 2.2578971393544771e-05, 0.0012728334437732778, 0.05465841244356117, 4.1044387674581646e-18, 4.3804572411056658e-15, 8.0744242621062643e-05, 0.0092974846652645448, 0.0034986349853306652, 2.6739041885951341e-11, 2.4932565034616442e-06, 2.7578489421705023e-14, 4.8759221260347203e-18, 6.7856570397836549e-13, 0.11474665809308389, 6.1659432429681574e-16, 1.0339544800569878e-06, 0.011106351793734186, 0.128826364702021, 1.1374217641019373e-09, 0.0058138351971672832, 0.83317724089868705, 0.25921390690154344, 2.7095337933767571e-16, 1.9445633971044931e-18, 3.1433150209666286e-16, 0.88546464920801893, 1.1962896715810154e-13, 0.001787826114207263, 7.7779250729091793e-08, 1.4350011505472098e-05, 0.00010436427174988099, 3.8841747358581578e-16, 0.097987452312179701, 0.042732223756651873, 0.0031051476489562368, 2.5626795710551635e-15, 0.78711187147154471, 1.536595951405499e-13, 0.11453413146548463, 0.0011311522571126663, 1.240645907540978e-09, 3.0390882625336349e-07, 1.60305919103511e-09, 2.4948044701467526e-09, 4.9387301582915744e-17, 5.5338706231270841e-18, 1.1915713118125787e-17, 3.4672011052561702e-10, 4.0263439304135729e-05, 0.012893405219790349, 0.0038269052950604793, 2.0313974895356917e-05, 7.4805668047852516e-09, 6.8525152286941949e-08, 0.20240119052546565, 4.1824073985440063e-15, 0.015671997332978454, 0.17644902543642418, 7.3859584985971307e-14, 0.0055088303074841988, 1.3361536864831319e-06, 0.76583474241821303, 5.1934494937820858e-06, 2.2786513265879575e-05, 1.6124683305636645e-06, 4.147214885125038e-08, 0.0041319566618832461, 9.635064862365384e-17, 0.036047882066207397, 2.6171798610043806e-17, 0.0023290085542260366, 4.5134023581279235e-07, 0.0029979479088601676, 7.8207198196705021e-15, 0.016964331015957627, 5.6750957990362654e-08, 4.7598360778261598e-22, 0.0003423565897863666, 8.8479381487322486e-16, 1.0022632209161651e-12, 6.2224062945227159e-19
0.0010164049438136948, 9.9053104590840886e-05, 1.4856201780173304e-11, 0.00098422650561742027, 3.9478061518830518e-14, 3.186165408612047e-05, 2.1057593771966869e-05, 0.00024890139794061188, 0.94266079485408205, 0.0050114098899853646, 0.0, 0.020925417644319523, 4.644602788088146e-13, 6.6786026754786265e-06, 0.00048856970078983784, 0.0032379633758636553, 0.97891503732147123, 0.00022332974696866778, 1.1584175148386187e-14, 4.9825987116544508e-11, 0.001865268396777155, 8.473778634593756e-07, 3.4817698123457444e-17, 5.060213130144296e-10, 0.00030460252241989983, 7.3777170666665089e-09, 4.1263241548318903e-09, 5.4700746049797319e-15, 3.7017708758639234e-06, 5.3940354634175943e-15, 4.0984526443300104e-19, 3.5205655991392022e-08, 3.1901617671054364e-06, 9.4248861713905739e-17, 0.073812787006588318, 0.0019362286601623127, 0.44170211448452784, 1.6069208072097701e-16, 0.96965130520069298, 0.0023647276718756468, 1.8533043982399889e-05, 1.2298583159271036e-17, 7.8652084179194766e-19, 6.9482241623634056e-14, 0.0089238681707477976, 4.8883449302321633e-15, 0.0058683582351717238, 1.9415124402070558e-13, 1.0080879100075236e-05, 0.0020666799563177126, 6.7435223800974988e-13, 0.53220949303852283, 0.52783893439340135, 0.0013052446274743434, 1.463494142464959e-13, 0.014932221930888867, 1.5217748049609743e-15, 1.2155351400417869e-06, 0.0080784072106626619, 0.00055495096436271308, 1.6878791478688705e-06, 2.8504132876958685e-15, 0.0013078442271384054, 2.6898907925883825e-17, 5.2629902327725477e-17, 1.8242032287009808e-14, 1.1096920978221567e-15, 8.4334915084831338e-05, 0.0035528305933013827, 0.00059936412440867207, 0.00093155476823799093, 4.9272705568584277e-14, 0.034587903303314356, 2.3943953301698815e-05, 6.9152397139382071e-12, 0.92908371069807649, 2.3855771194085633e-05, 1.85853568353296e-09, 2.674374888526586e-09, 2.5617083939658025e-05, 0.0013647116471729515, 4.8163669052810244e-05, 0.00016233893046430417, 6.2665308184392108e-07, 2.9330734057693476e-15, 0.94764742169179084, 4.1872272274375296e-13, 2.1531489112024707e-07, 6.0962771099849936e-18, 2.427211073962892e-09, 1.5511263534079966e-05, 0.00093348467440859868, 1.38579936431677e-16, 4.8247592633820261e-08, 0.015995239702464855, 8.0873809994142751e-19, 0.0024566503642227096, 2.8761206507904626e-16, 4.6938063077985153e-07, 1.3197157957086043e-14
3.5080195705041552e-08, 0.23728709771141832, 1.1542313152113496e-06, 0.0020362913300162959, 4.5367219742269036e-09, 2.4092571639466854e-05, 7.8904438023724363e-05, 0.40701607891420988, 0.017969001952925414, 1.8304859865886324e-07, 0.020925417644319523, 0.0, 9.2421256958159348e-08, 9.1021918085484723e-06, 2.1579076152532342e-08, 0.69917327398740559, 0.019010918369232303, 2.424499325014918e-09, 7.2974734965105396e-13, 4.6105545692819349e-14, 0.0011805934627329468, 2.453170592019062e-11, 3.0547859103436442e-12, 0.00011331804782216066, 0.0011777005511607428, 2.5512792142108776e-14, 7.4558076769367312e-14, 2.584186131025634e-14, 5.2112509650590182e-05, 9.5304863066364341e-12, 3.601980839551475e-15, 0.0013725065944519431, 7.291154516647173e-11, 3.7301264897403811e-13, 0.83369622678814859, 0.00015091698210603272, 0.0013910938864420753, 6.581476169488087e-19, 0.029437380999263293, 1.9320871570921345e-07, 3.8223147480431718e-10, 3.0816193306104656e-14, 1.931408451555631e-14, 7.7194643961916045e-09, 2.055669316231066e-07, 2.5886841528810824e-12, 0.003592338248322874, 2.3169396070987295e-15, 5.0256292781946814e-05, 0.0099494356444987352, 1.3482155467904962e-07, 0.0018618961479931072, 0.00048107854326546638, 0.00032456029761189828, 5.8560377618337559e-09, 3.6610218645139714e-06, 3.3884577349529293e-13, 6.1861078566209254e-12, 0.0076372753680637954, 0.51100402822480295, 8.9111489107744006e-05, 1.0153486612736938e-16, 0.67977191559057581, 3.6834780996805623e-13, 4.5323760549727427e-12, 8.6250858009409067e-09, 1.0680860419389877e-16, 0.00038664791629327362, 0.00029063178267871661, 9.109367500536881e-05, 0.012536956467561198, 3.0961895136065703e-15, 0.5377589559982906, 1.3901006012445712e-09, 7.1560913255472703e-07, 0.0078622496227333267, 1.9345262850639355e-09, 0.00014247978314765297, 7.9288322695787841e-15, 0.0010649391411712368, 9.8721229419113038e-08, 0.00090040968150596431, 0.0014075505854881443, 6.1020069339000816e-06, 1.5068631932029996e-18, 0.011318267261329104, 1.5503604590406258e-07, 2.927798754254348e-12, 6.2826523622363756e-14, 5.3493094574285917e-14, 0.0011917789763560872, 0.00021401231939418717, 9.1375019074439103e-14, 5.7540566699838931e-13, 0.94949240114971256, 4.1717613275344539e-12, 0.0049628170685920188, 1.5380811556446703e-12, 0.015160596671777044, 2.6561923329974382e-08
1.0229803797458468e-15, 1.5297061218301468e-08, 0.8926410338763745, 6.487928405046521e-05, 0.77202381761811645, 3.7800391978608294e-05, 0.00039883889837105815, 1.349662640813776e-05, 1.8873367877658817e-12, 3.231112706166683e-16, 4.644602788088146e-13, 9.2421256958159348e-08, 0.0, 0.00010505954493512113, 3.5830192927570457e-15, 7.5973029584257001e-06, 1.4460977237954556e-13, 4.353722912596823e-17, 0.00046459733238970541, 6.788802747688398e-12, 1.0100532887748518e-05, 3.9020367715887875e-15, 0.15059779903219012, 0.1805221396801347, 0.00021882922836267659, 5.3230764647996218e-18, 6.8724687443644748e-16, 6.6918521202986132e-06, 0.0024978959069228836, 0.022616889202376089, 0.0043841867984671119, 0.088302899868171372, 1.7721825564750581e-15, 0.014062402896273829, 3.6720749943765053e-09, 3.1729938297769471e-07, 7.5301550665248848e-13, 1.9070874948149212e-12, 2.68399519851294e-12, 1.0567077004616392e-14, 9.7175758931229441e-16, 0.0040862794197230904, 0.015595142162819754, 0.81662740150645807, 2.3322976711516509e-17, 0.0055818322659698045, 5.2042541271395339e-06, 3.3176231720640443e-10, 0.00063328154169743373, 0.00010716475955358974, 0.9968239068627115, 5.1751194289775143e-13, 5.6375229816958604e-16, 2.771525600235084e-06, 0.60347894180200989, 8.1656319930652925e-14, 0.0012528030312335334, 1.6945900745659429e-17, 7.3498497987267694e-06, 1.0570648575452395e-05, 0.01089719428054199, 6.2454223677243632e-10, 2.0465117059156412e-06, 0.031314889307086875, 0.1670984185006015, 0.91627472362597695, 3.0892260673252728e-09, 0.00039459302395426451, 2.690168857712256e-07, 1.5446457936134316e-06, 0.00041267610980746228, 6.0412726152175153e-09, 9.7581986864542897e-11, 2.2207373898498265e-14, 0.93216779081033507, 1.7549834316591503e-13, 5.9443673016012196e-14, 0.27395606266815636, 3.0012754135952415e-18, 0.005037385669319789, 1.01518556334602e-14, 0.0020831532754578422, 0.00066121547960155665, 0.0017136873866119124, 5.6324327660803938e-14, 3.9277412220757899e-14, 0.9436437971368965, 4.1345680433405787e-16, 0.014217455822457262, 1.1112042696908186e-15, 0.0092625613264036705, 2.7249538487199035e-06, 0.0020771423206775276, 2.6502750027094571e-16, 2.4453439468403368e-08, 0.28112337176781638, 3.9375747724801239e-05, 0.027823901788914463, 0.0058512811721447549, 0.66736323281671994
0.00015913850624352236, 4.3993326490309136e-09, 0.00042496297745003305, 0.41882953236833281, 0.00016503694640641469, 0.93990075645914839, 0.86545526482202306, 5.3510701313250485e-06, 2.9318160995801376e-05, 5.1662038551009032e-05, 6.6786026754786265e-06, 9.1021918085484723e-06, 0.00010505954493512113, 0.0, 0.00035964555493030203, 6.4916934791306766e-05, 2.4264702445212764e-06, 3.8897992612575682e-05, 0.0070461886737017317, 0.0031704432724796918, 0.40353165095454507, 0.00055964341565129807, 3.8416193233106097e-05, 2.2619409771250323e-05, 0.51709129546004162, 1.8082620562238712e-05, 0.00016951642607779076, 0.0050509516014858643, 0.68523643297454306, 0.002231111305532526, 3.0644643922017385e-05, 0.00017153323835109805, 0.00039010847959422356, 0.00037211241147644007, 3.5268723926439448e-06, 0.30674393449634296, 0.00016153632708742295, 6.4939163623771768e-05, 2.0914861198499178e-05, 0.00044219034173837449, 0.00027295764314367931, 0.00020361456335920238, 2.3858881466462671e-05, 0.00018713605146552747, 8.2884498401405665e-06, 0.0033465825510324847, 0.23463566415840245, 0.0025765827127505756, 0.86469187391445901, 0.20447631294528587, 0.00010558504806880916, 9.7440550911505707e-05, 9.8607799459449683e-07, 0.44741001122249496, 0.00063691685096218609, 0.00068544285748036262, 0.0026834396226094286, 3.8422585112692685e-05, 0.17592068089354479, 1.0075617954221367e-05, 0.39935614004019426, 0.00081411148063883988, 4.9526361408594971e-06, 0.00012547945975450338, 4.4340426002940252e-05, 2.4101877664946204e-05, 0.00085684871601010017, 0.67519656014484841, 0.25001382391598403, 0.50634744391429565, 0.16201352683470396, 0.0035298727955366273, 6.6038691256209405e-08, 0.0012341508253309343, 0.00028318445151801798, 9.7620531705539081e-06, 0.0019530569755521505, 0.00016910203465317811, 1.2530590504581143e-05, 0.30050370340415289, 0.00049689324317845284, 0.42218434446729941, 0.45030224552813547, 0.7599042651666903, 5.0794674087020207e-05, 1.4063133554048754e-06, 4.0103158545248374e-05, 0.00018433237452777814, 8.3779934446007509e-05, 0.00019718218194006201, 0.21631106335518066, 0.48879345248486772, 0.00081677063511697917, 0.00013711307902646345, 1.8329477749350011e-06, 1.606268999965358e-07, 0.27847158127512289, 0.00048351211846931955, 1.8474529771688875e-05, 2.1341124691241723e-06
0.95093608096039239, 2.1545999177365713e-13, 8.2337459731903244e-14, 0.00056152865989697771, 4.3615076273349247e-15, 0.0011105317862284212, 0.00014184408427061148, 6.112682758596536e-11, 0.001489983279889999, 0.66733935416228618, 0.00048856970078983784, 2.1579076152532342e-08, 3.5830192927570457e-15, 0.00035964555493030203, 0.0, 8.1027563989024206e-09, 0.00026280292847291885, 0.87097816618190982, 2.638427422210823e-10, 0.00090432135532257088, 0.002665005413596161, 0.31478456392549975, 2.5034621774825113e-16, 9.2726024382758273e-15, 0.00021783716682924526, 0.081698525489685411, 0.046439015518187431, 3.4491355909575285e-09, 1.5011956789126545e-05, 1.9000077148141654e-12, 8.0626180005581031e-16, 1.0763326263523719e-12, 0.4862615170777147, 6.1578524965705877e-14, 8.9270439064773201e-08, 0.025873953103168576, 0.031633098525322936, 2.1939680089679487e-07, 0.00068999630283670169, 0.91244640350350958, 0.73600023229214628, 3.7011440870346877e-14, 2.4890768871115423e-16, 5.8904618768105828e-15, 0.38518562437059639, 9.9993589597117912e-12, 0.0027092226136271455, 7.1241615059289825e-06, 8.0901668829783688e-05, 0.00015983004687121976, 4.0103947216496391e-15, 0.020876538145779715, 0.0041818558607578842, 0.0076547996526343393, 5.7152575753546605e-14, 0.60215818913083086, 1.6520019385546327e-11, 0.42132761131609409, 0.0014724891033444704, 2.3745420066186954e-10, 1.7267983500620427e-06, 2.4338466913031676e-07, 3.6926589063290706e-10, 4.6139029079061034e-15, 3.2088132873166925e-16, 1.7339658333715666e-16, 5.8925848512868734e-08, 0.00014456928284136054, 0.025582707606778617, 0.011678001419215303, 3.196062195319197e-05, 8.3114376131467571e-07, 3.097592840068515e-09, 0.67397062912919203, 3.5128508632434364e-14, 0.0017923382065670888, 0.62557019463410102, 1.9533579211815491e-13, 0.05553471356544961, 4.3325383897435016e-06, 0.96313963599310204, 1.6965741615739872e-05, 6.3374632046989175e-05, 1.4371903883240674e-05, 5.1381668601901282e-06, 0.00031507597258650396, 8.6139570194611536e-16, 0.2318181041107065, 3.0811683091933655e-15, 0.034709486677068149, 1.4408939934083253e-06, 0.0080725445497951236, 9.7341410399773718e-13, 0.13897704036809, 5.0826778220023233e-09, 1.5069532122635724e-20, 0.00057682645361161128, 7.3158985416948317e-14, 6.365539634874705e-13, 5.3780733962351907e-18
1.0301327319029833e-08, 0.19255355546720682, 6.3508442720986067e-05, 0.0067264791507843664, 5.2504296071108589e-07, 0.00012761424210385228, 0.00053006686048117388, 0.74879695563092863, 0.0034093126255899356, 3.6998938837880603e-08, 0.0032379633758636553, 0.69917327398740559, 7.5973029584257001e-06, 6.4916934791306766e-05, 8.1027563989024206e-09, 0.0, 0.0025383821220463275, 6.2933161140243104e-10, 6.9049181120795339e-11, 3.2038370248346889e-13, 0.0030796125626503814, 2.2654525429962083e-11, 7.4627797789950794e-10, 0.0028677972740205129, 0.0050866798176750407, 2.1952702660544503e-14, 1.1592899905253837e-13, 1.901882387944472e-12, 0.000506105224887799, 1.2727857359573108e-09, 1.2049298876726379e-12, 0.020675923326252531, 5.1709234783137115e-11, 7.5194099368294279e-11, 0.36027546994055043, 0.00029342596006549362, 0.0003003655243811433, 1.8579045352369441e-17, 0.0056102684106449658, 6.4472032502290611e-08, 1.9919448673813879e-10, 7.1867244891521144e-12, 6.4397360096603737e-12, 8.3675072142016725e-07, 2.8088883775037155e-08, 3.211887233215775e-10, 0.0073713113935679172, 4.6105217768010196e-14, 0.00038717273694417943, 0.029650097684797479, 1.0533166621345856e-05, 0.00036957567401705259, 4.2835412313977989e-05, 0.00080747784167953295, 6.0080441874816394e-07, 1.1447918353781959e-06, 4.3265801936210871e-11, 3.0345076565765088e-12, 0.015162861361498034, 0.85724563079747373, 0.0010489338440830716, 3.5361284324380464e-15, 0.85546865295600127, 8.8161513519325802e-11, 1.0639084690093835e-09, 1.0062786086479627e-06, 4.8138649473317509e-15, 0.0021169747250963005, 0.00050739866989302804, 0.00024239609633343537, 0.045711643882682097, 9.5115320953430467e-14, 0.15393484712853636, 9.7670994173257547e-10, 4.2842446519078759e-05, 0.0011632068365390639, 1.5091417873159271e-09, 0.0035034960880592075, 7.3330463555384183e-15, 0.0080049964929016695, 3.5635808967553587e-08, 0.0059061391529045444, 0.007171250138726523, 7.3746152640428991e-05, 2.1369164471832376e-17, 0.0013272600965550168, 1.2172623609939385e-05, 2.5614943271017043e-12, 1.6904366690754662e-11, 9.3690620853169886e-14, 0.0098767912237786755, 0.00055947178991308771, 1.5724544780817124e-11, 5.860748301049396e-13, 0.56540077383541654, 1.3050590164629716e-09, 0.013587306300715007, 2.8525585029529958e-10, 0.11386318529907324, 2.7472309560193718e-06
0.00058328166885606976, 0.00010517524130196376, 4.9997992737884075e-12, 0.00046575529468304407, 1.0725354344894745e-14, 1.233182343776936e-05, 8.2158709424367296e-06, 0.00020017689632981399, 0.8611662811936488, 0.0032447685381991631, 0.97891503732147123, 0.019010918369232303, 1.4460977237954556e-13, 2.4264702445212764e-06, 0.00026280292847291885, 0.0025383821220463275, 0.0, 0.00012549123870699607, 2.2723818839975413e-15, 1.250569439054438e-11, 0.00089428226576880642, 3.3578644413910842e-07, 7.3704173286536001e-18, 2.2981193957285886e-10, 0.00013682283930160799, 2.6776770881292643e-09, 1.3539632709656569e-09, 1.0155633289445505e-15, 1.3771602615278263e-06, 1.1282149014683923e-15, 6.9741380387874316e-20, 1.7198614853600368e-08, 1.3571356434559834e-06, 1.8052318304027302e-17, 0.072421560758866008, 0.00091366329306458453, 0.35288501158365054, 2.8003212924050361e-17, 0.90617107235873851, 0.0013629765241104654, 8.6423744586231358e-06, 2.1972021432326198e-18, 1.4130521844319161e-19, 1.9236947900016344e-14, 0.0063827363839808297, 9.8309281558376994e-16, 0.0030294009242966577, 3.993010920564103e-14, 3.8231116997463411e-06, 0.0010554641680512972, 2.1340538395594924e-13, 0.43900879500560508, 0.52284792990029028, 0.00060517034543874134, 3.9101726422752279e-14, 0.0092995525562825192, 2.8997037276331195e-16, 5.3733061144030054e-07, 0.0043098721266916105, 0.00044601284247418679, 6.3290695856446948e-07, 5.2005803346487379e-16, 0.0011172052963890555, 5.2050511053030025e-18, 1.1271258482506159e-17, 5.3194025976027621e-15, 1.9652590861111059e-16, 3.5464748033676869e-05, 0.0017387260417584393, 0.00026520966292067184, 0.0004708679315248807, 9.631739014117338e-15, 0.039286672308820512, 1.0721787828487921e-05, 2.3000992998116596e-12, 0.88016830718223493, 1.0516294325763217e-05, 8.0572611361875947e-10, 9.4126561641179382e-10, 1.0928311403826058e-05, 0.00076251373302026638, 2.0578292504115196e-05, 7.2179230061147434e-05, 2.1348447318649389e-07, 5.7025112328712289e-16, 0.98340628864904756, 1.3659585087557439e-13, 8.3454881384782392e-08, 1.1202922046526356e-18, 7.7503758140455487e-10, 6.6242101098540364e-06, 0.00042431227127903118, 2.5426097281569529e-17, 1.7704580054215516e-08, 0.015458950178584258, 1.9558913274824817e-19, 0.0012319009571356186, 5.7445077806865192e-17, 2.8279201963313232e-07, 4.3089155886283364e-15
